1.17235
1.17235
1.17266
1.17285
1.17256
1.17256
1.17277
1.17238
1.17235
1.17302
1.17389
1.1744
1.17348
1.17363
1.17333
1.17259
1.17299
1.17328
1.1731
1.17313
1.17317
1.17381
1.17248
1.1726
1.17272
1.17255
1.17262
1.17291
1.17238
1.1725
1.17218
1.17283
1.17233
1.17177
1.17136
1.17045
1.17118
1.17057
1.17088
1.17101
1.17136
1.17162
1.17141
1.17103
1.17116
1.17121
1.17298
1.17285
1.17263
1.17248
1.17328
1.17372
1.17531
1.1773
1.17879
1.17819
1.17812
1.17764
1.17721
1.17716
1.17696
1.17724
1.17683
1.17666
1.17596
1.1759
1.17641
1.17647
1.17671
1.17667
1.17677
1.17532
1.1755
1.17589
1.17625
1.1762
1.17566
1.17545
1.17679
1.17655
1.17701
1.17718
1.17806
1.1791
1.1802
1.1809
1.18115
1.18183
1.18178
1.18184
1.18182
1.18192
1.18143
1.18148
1.18164
1.1807
1.18072
1.18031
1.18107
1.1818
1.18179
1.18108
1.18213
1.18272
1.18241
1.18255
1.18161
1.18069
1.18051
1.18045
1.18054
1.18056
1.18075
1.18049
1.18019
1.18006
1.18036
1.18052
1.18039
1.18069
1.18224
1.18215
1.18225
1.18216
1.18265
1.18407
1.18096
1.18029
1.18139
1.18204
1.18241
1.18143
1.18124
1.18122
1.18149
1.18165
1.18075
1.18077
1.18088
1.18099
1.18084
1.1809
1.18069
1.18034
1.18018
1.18066
1.18082
1.18088
1.17998
1.17822
1.17735
1.17752
1.17903
1.17886
1.17859
1.17785
1.17927
1.17947
1.1804
1.18041
1.18021
1.18046
1.1811
1.18115
1.18116
1.18121
1.18145
1.18148
1.1818
1.18208
1.18326
1.18343
1.18264
1.18327
1.183
1.18353
1.18468
1.18414
1.18278
1.1827
1.18292
1.18296
1.18317
1.18207
1.18235
1.18223
1.18232
1.18234
1.18256
1.18253
1.18289
1.18331
1.18308
1.18264
1.18155
1.18147
1.18228
1.18396
1.18312
1.1832
1.18332
1.18216
1.18148
1.18123
1.18133
1.18175
1.18242
1.18201
1.18136
1.18177
1.18175
1.18155
1.18159
1.18169
1.18239
1.18232
1.18181
1.1817
1.18117
1.18167
1.18205
1.18219
1.18168
1.18145
1.18209
1.18298
1.18327
1.18356
1.18428
1.18415
1.18443
1.18468
1.1847
1.18423
1.18434
1.1844
1.18427
1.18392
1.18449
1.18482
1.18447
1.18479
1.18457
1.18554
1.18498
1.18609
1.1874
1.18649
1.18755
1.18753
1.18704
1.18711
1.18746
1.18777
1.18795
1.18817
1.18785
1.18725
1.1871
1.18703
1.1865
1.18617
1.18665
1.18655
1.18609
1.18638
1.186
1.18634
1.18621
1.1871
1.18703
1.18686
1.18671
1.18732
1.18766
1.18777
1.18847
1.18795
1.18901
1.18944
1.18887
1.18826
1.18803
1.18877
1.18905
1.18725
1.18688
1.18695
1.18736
1.1874
1.18768
1.18787
1.18756
1.18782
1.18784
1.18817
1.18813
1.18729
1.18736
1.18722
1.18747
1.18735
1.18735
1.18702
1.18641
1.18566
1.18671
1.1858
1.18463
1.18464
1.18538
1.18508
1.18447
1.18467
1.18448
1.18425
1.18338
1.18371
1.18384
1.18384
1.18441
1.18401
1.18405
1.18389
1.18378
1.18375
1.18453
1.18426
1.18473
1.18493
1.18535
1.1843
1.18374
1.18133
1.18196
1.18163
1.18133
1.18048
1.18084
1.17983
1.17987
1.18034
1.18023
1.18033
1.1802
1.18091
1.18094
1.18079
1.1808
1.1806
1.18121
1.18076
1.1806
1.17989
1.18034
1.18199
1.18359
1.18389
1.1833
1.18226
1.18196
1.1827
1.18243
1.18271
1.18166
1.18187
1.18072
1.18027
1.18013
1.17953
1.17964
1.17972
1.17948
1.17991
1.1803
1.17965
1.17966
1.17939
1.17991
1.1788
1.17856
1.17989
1.17954
1.17991
1.1798
1.18017
1.17997
1.17986
1.18027
1.18032
1.18044
1.18053
1.18041
1.17974
1.17976
1.17962
1.17957
1.17937
1.17943
1.17999
1.17926
1.17861
1.17623
1.17553
1.17618
1.1758
1.17573
1.17501
1.17606
1.17672
1.17609
1.17629
1.1759
1.17518
1.17488
1.17444
1.17532
1.17555
1.17538
1.17547
1.17542
1.17511
1.17531
1.1752
1.17614
1.17529
1.17527
1.1755
1.1769
1.17742
1.17693
1.17582
1.1769
1.17565
1.17648
1.17634
1.17621
1.1764
1.17651
1.17661
1.17708
1.17699
1.17698
1.1769
1.177
1.17704
1.1759
1.17596
1.17557
1.17492
1.17462
1.17308
1.17402
1.17464
1.17483
1.17503
1.17371
1.17323
1.17417
1.17398
1.17374
1.1737
1.17353
1.17408
1.17522
1.1756
1.17557
1.17538
1.17568
1.17539
1.17441
1.17464
1.17457
1.176
1.17472
1.175
1.17354
1.17346
1.17301
1.17277
1.17374
1.17388
1.17398
1.17404
1.1737
1.17413
1.17353
1.17384
1.17435
1.17448
1.17452
1.17439
1.17458
1.17474
1.17428
1.17389
1.17307
1.17388
1.17295
1.17313
1.17178
1.17272
1.17233
1.173
1.17218
1.17128
1.17163
1.1718
1.17193
1.17169
1.17128
1.16985
1.16962
1.16926
